B2  (3144,1427)
B1  (3060,1433)
B4  (3156,1490)
B3  (3080,1506)
M1  (2613,630)
L4  (2350,640)
L2  (2333,561)
M4  (2716,715)
S1  (2804,1072)
L3  (2269,652)
S2  (2853,998)
M2  (2707,640)
S3  (2927,1059)
L1  (2251,565)
M3  (2627,715)
S4  (2878,1118)
Syria  (2771,1834)  (2723,1881)  (2723,1833)  (2792,1882)  (2771,1786)  (2819,1786)  (2819,1834)  (2744,1929)  (2675,1882)  (2840,1738)  (2867,1786)  (2888,1717)  (2915,1765) 
Greece  (1996,1646)  (2021,1694)  (2044,1613)  (2028,1742) 
Bessarabia  (2153,1279)  (2105,1290) 
Belorussia  (2323,930)  (2275,977)  (2275,929)  (2361,978)  (2323,882)  (2371,925)  (2371,861) 
Kharkov  (2495,1197)  (2447,1244)  (2523,1245)  (2468,1149)  (2516,1149)  (2543,1197)  (2428,1292) 
N.Iran  (3078,1619)  (3030,1652)  (3030,1604)  (3126,1611)  (2982,1690)  (2982,1642)  (3174,1616)  (2962,1594) 
Morocco  (546,2021)  (498,2068)  (498,2020)  (546,1973)  (594,1973)  (594,2021)  (496,1972)  (508,2116)  (460,2116)  (544,1925)  (592,1925)  (640,1925)  (642,1973)  (642,2021)  (412,2154)  (412,2106)  (688,1879)  (499,2164)  (578,1877)  (626,1877)  (690,1927)  (690,1975)  (690,2023)  (451,2202)  (403,2202)  (364,2154)  (355,2211)  (683,1831)  (731,1831)  (736,1879)  (502,2212)  (738,1927)  (738,1975)  (738,2023)  (454,2250)  (406,2250)  (316,2163)  (779,1811)  (307,2256)  (784,1859)  (786,1907)  (786,1955)  (786,2003)  (268,2208)  (268,2160)  (827,1777)  (259,2256)  (832,1825)  (834,1873)  (834,1921)  (834,1969)  
Iberia  (969,1482)  (921,1529)  (921,1481)  (1016,1530)  (969,1434)  (1017,1434)  (1017,1482)  (919,1433)  (873,1575)  (873,1527)  (1064,1530)  (1064,1578)  (1016,1578)  (967,1386)  (1015,1386)  (1065,1408)  (1065,1456)  (871,1479)  (871,1431)  (919,1385)  (869,1383)  (825,1603)  (825,1555)  (1112,1504)  (1112,1552)  (1078,1626)  (1030,1626)  (1113,1449)  (823,1507)  (869,1335)  (777,1589)  (1160,1497)  (1208,1504) 
Slovakia  (1866,1194)  (1818,1191)  (1914,1213) 
NE.Poland  (2152,983)  (2159,1031)  (2140,935)  (2188,935)  (2200,983)  (2111,1034)  (2179,887) 
Sea Zone 1  (250,760)  (202,807)  (279,808)  (255,712)  (298,760)  (303,707)  (231,855)  (183,855)  (279,856)  (346,755)  (335,659)  (351,707)  (135,874)  (383,627)  (231,903)  (183,903)  (279,904)  (135,922)  (231,951)  (183,951)  (279,952)  (419,563)  (231,999)  (183,999)  (279,1000)  (9,1000)  (419,515)  (467,515)  (135,1035)  (231,1047)  (183,1047)  (279,1048)  (19,1048)  (460,467)  (135,1083)  (231,1095)  (183,1095)  (279,1096)  (49,1096)  (1,1096)  (618,292)  (547,283)  (621,244) 
Grozny  (2932,1377)  (2884,1374)  (2980,1372)  (2980,1420) 
Sea Zone 2  (824,218)  (776,265)  (776,217)  (871,266)  (824,170)  (872,170)  (872,218)  (774,169)  (823,313)  (775,313)  (728,265)  (728,217)  (919,266)  (919,314)  (871,314)  (727,314)  (822,122)  (870,122)  (918,122)  (920,170)  (920,218)  (726,169)  (726,121)  (774,121)  (966,76)  (823,361)  (775,361)  (680,266)  (680,218)  (967,266)  (967,314)  (967,362)  (919,362)  (871,362)  (727,362)  (679,362)  (679,314)  (822,74)  (870,74)  (918,74)  (968,124)  (968,172)  (678,170)  (678,122)  (678,74)  (726,73)  (774,73)  (966,28)  (823,409)  (775,409)  (989,410)  (941,410)  (893,410)  (727,410)  (679,410) 
Britain  (1254,918)  (1299,966)  (1251,966)  (1268,870)  (1278,822)  (1258,694) 
E.Iraq  (2974,1907)  (3012,1955)  (2938,1859) 
Low Lands  (1448,1042)  (1478,994) 
India  (3164,1890)  (3150,1842) 
Astrakhan  (2859,1222)  (2906,1270)  (2858,1270)  (2907,1180) 
Canada  (387,152)  (339,199)  (339,151)  (434,200)  (387,104)  (435,104)  (435,152)  (337,103)  (386,247)  (338,247)  (291,199)  (291,151)  (482,200)  (448,248)  (290,248)  (385,56)  (433,56)  (481,56)  (483,104)  (483,152)  (289,103)  (289,55)  (337,55)  (529,10)  (400,295)  (352,295)  (243,200)  (243,152)  (304,296)  (256,296)  (242,248)  (385,8)  (433,8)  (481,8)  (531,58)  (531,106)  (531,154)  (241,104)  (241,56)  (255,7)  (303,7)  (488,327)  (208,330)  (577,3)  (377,343)  (195,200)  (329,344)  (281,344)  (194,282)  (579,51)  (579,99)  (579,147) 
Turkey  (2558,1691)  (2510,1738)  (2510,1690)  (2605,1739)  (2558,1643)  (2606,1643)  (2606,1691)  (2508,1642)  (2544,1786)  (2496,1786)  (2462,1738)  (2462,1690)  (2653,1739)  (2556,1595)  (2604,1595)  (2652,1595)  (2654,1643)  (2654,1691)  (2460,1642)  (2460,1594)  (2508,1594)  (2448,1800)  (2700,1581)  (2414,1752)  (2414,1704)  (2701,1739)  (2702,1629)  (2702,1677)  (2412,1656)  (2400,1803)  (2748,1563)  (2366,1755)  (2366,1707)  (2750,1611)  (2750,1659)  (2750,1707)  (2364,1659)  (2352,1821)  (2796,1541)  (2318,1773)  (2318,1725)  (2798,1589)  (2798,1637)  (2798,1685)  (2844,1512)  (2270,1766)  (2270,1718)  (2846,1560)  (2846,1608)  (2846,1656)  (2894,1623) 
Finland  (2091,456)  (2043,503)  (2043,455)  (2133,504)  (2091,408)  (2139,408)  (2139,456)  (2064,551)  (2016,551)  (2128,360) 
Sea Zone 7  (2299,43)  (2251,80)  (2251,32)  (2346,91)  (2347,0)  (2203,60)  (2203,12)  (2394,48)  (2395,0)  (2155,31)  (2442,48)  (2443,0)  (2107,11)  (2490,48)  (2491,0)  (2353,276)  (2305,277)  (2059,10)  (2011,10) 
Cyrenaica  (2020,2213)  (1972,2256)  (1972,2208)  (2020,2165)  (2068,2165)  (2068,2213)  (1924,2256)  (2116,2172)  (2116,2220) 
Sea Zone 8  (574,641)  (526,688)  (526,640)  (621,689)  (574,593)  (622,593)  (622,641)  (524,592)  (573,736)  (525,736)  (478,688)  (478,640)  (669,689)  (669,737)  (621,737)  (477,737)  (572,545)  (620,545)  (668,545)  (670,593)  (670,641)  (582,497)  (630,497)  (678,497) 
Sea Zone 9  (824,627)  (776,674)  (776,626)  (871,675)  (824,579)  (872,579)  (872,627)  (774,578)  (823,722)  (775,722)  (919,675)  (919,723)  (871,723)  (822,531)  (870,531)  (918,531)  (920,579)  (920,627)  (746,530)  (794,483)  (842,483)  (890,483)  (746,482) 
S.Caucasus  (2921,1491)  (2873,1452)  (2969,1485)  (2989,1533)  (2825,1451) 
Trans-Jordan  (2686,2094)  (2638,2141)  (2733,2142)  (2653,2046)  (2701,2046)  (2734,2094)  (2749,2031)  (2685,2189)  (2741,2190)  (2663,1998)  (2797,2058)  (2720,2238) 
N.Italy  (1593,1385)  (1545,1402)  (1627,1433)  (1627,1337)  (1497,1402) 
Sea Zone 3  (1119,278)  (1071,325)  (1071,277)  (1166,326)  (1119,230)  (1167,230)  (1167,278)  (1069,229)  (1118,373)  (1070,373)  (1200,374)  (1117,182)  (1165,182)  (1039,181)  (1087,134)  (1135,134)  (1039,133)  (1087,86)  (1135,86)  (1039,85)  (1087,38)  (1135,38)  (1039,37)  (1183,7) 
Sea Zone 4  (1348,272)  (1300,319)  (1300,271)  (1395,320)  (1373,224)  (1396,272)  (1347,367)  (1299,367)  (1252,319)  (1252,271)  (1415,368)  (1251,368)  (1403,176)  (1408,128)  (1390,80)  (1341,65)  (1281,44)  (1389,32)  (1329,17) 
Vyborg  (2198,512) 
Sea Zone 5  (1702,85)  (1654,132)  (1654,84)  (1749,133)  (1702,37)  (1750,37)  (1750,85)  (1652,36)  (1701,180)  (1653,180)  (1606,132)  (1606,84)  (1797,133)  (1797,181)  (1749,181)  (1605,181)  (1798,0)  (1798,48)  (1604,36)  (1558,133)  (1558,85)  (1845,96)  (1557,181)  (1846,0)  (1846,48)  (1556,37)  (1510,133)  (1510,85)  (1893,96)  (1509,181)  (1894,0)  (1894,48)  (1508,37)  (1942,0)  (1942,48) 
Sea Zone 6  (1629,316)  (1581,363)  (1581,315)  (1676,364)  (1629,268)  (1677,268)  (1677,316)  (1579,267)  (1533,410)  (1533,362)  (1725,230)  (1725,278)  (1531,314)  (1531,266)  (1485,410)  (1485,362)  (1773,230)  (1483,314)  (1483,266) 
Crete  (2149,1964) 
Gorky  (2907,676)  (2859,704)  (2859,656)  (2954,724)  (2907,628)  (2955,628)  (2955,676)  (2857,608)  (2811,675)  (3002,724)  (3002,772)  (2909,580)  (2957,580)  (3003,628)  (3003,676)  (2809,627) 
SW.Iran  (3076,1942)  (3096,1990)  (3073,1894) 
United States  (114,637)  (66,684)  (66,636)  (161,685)  (114,589)  (162,589)  (162,637)  (64,588)  (113,732)  (65,732)  (18,684)  (18,636)  (17,733)  (154,541)  (202,541)  (210,589)  (210,637)  (16,588)  (16,540)  (250,501)  (86,780)  (38,781)  (258,549)  (258,597)  (298,461)  (61,829)  (13,829)  (306,509)  (306,557)  (346,447)  (55,877)  (7,877)  (394,423)  (79,925)  (84,973)  
W.Iran  (3033,1786)  (3039,1834)  (3031,1738) 
Marsa Matruh  (2214,2227)  (2166,2256)  (2166,2208)  (2262,2198)  (2262,2246) 
W.Iraq  (2858,1977)  (2845,1929)  (2906,1959) 
Sweden  (1821,561)  (1865,609)  (1817,609)  (1800,513)  (1848,513)  (1769,642)  (1859,657)  (1796,465)  (1844,465)  (1892,443)  (1811,690)  (1763,690)  (1940,396)  (1850,395)  (1829,738)  (1781,738)  (1898,348)  (1946,348)  (1812,786)  (1885,300)  (1933,300)  (1981,291)  (1910,252)  (1958,243) 
S.Norway  (1691,519)  (1643,503)  (1733,567)  (1685,567)  (1691,471)  (1739,471)  (1637,572)  (1740,423)  (1667,620)  (1619,620) 
Sea Zone 41  (1369,1569)  (1384,1521)  (1384,1617)  (1417,1569)  (1420,1665)  (1432,1507)  (1432,1617)  (1465,1555)  (1480,1481)  (1528,1472)  (1540,1675)  (1545,1590)  (1558,1541)  (1588,1638)  (1593,1589) 
Siberia  (3031,221)  (2983,268)  (2983,220)  (3078,269)  (3031,173)  (3079,173)  (3079,221)  (2981,172)  (3030,316)  (2982,316)  (2935,268)  (2935,220)  (3126,269)  (3126,317)  (3078,317)  (2934,317)  (3029,125)  (3077,125)  (3125,125)  (3127,173)  (3127,221)  (2933,172)  (2933,124)  (2981,124)  (3173,79)  (3030,364)  (2982,364)  (2887,269)  (2887,221)  (3174,269)  (3174,317)  (3174,365)  (3126,365)  (3078,365)  (2934,365)  (2886,338)  (3029,77)  (3077,77)  (3125,77)  (3175,127)  (3175,175)  (2885,173)  (2885,125)  (2885,77)  (2933,76)  (2981,76)  (3173,31)  (3030,412)  (2982,412)  (2839,290)  (2839,242) 
N.Norway  (1860,252) 
Poland  (1950,1103)  (1902,1130)  (1902,1082)  (1997,1151)  (1998,1065) 
Baltic States  (2107,801)  (2059,848)  (2121,849)  (2095,753)  (2143,753)  (2155,801)  (2018,800)  (2097,705)  (2145,705) 
Bulgaria  (2142,1532)  (2094,1564)  (2094,1516)  (2168,1580)  (2190,1494)  (2216,1542) 
Tunisia  (1465,2088)  (1417,2135)  (1417,2087)  (1512,2136)  (1465,2040)  (1513,2073)  (1415,2039)  (1464,2183)  (1463,1992)  (1382,1991)  (1476,2231)  (1430,1944)  (1478,1903)  (1444,1855)  (1492,1855) 
Murmansk  (2250,180)  (2202,204)  (2202,156)  (2298,156)  (2298,204)  (2183,252)  (2154,168)  (2346,173)  (2232,293)  (2218,341) 
Sardinia  (1499,1651) 
Sea Zone 39  (989,1740)  (941,1744)  (1037,1737)  (808,1700) 
Switzerland  (1513,1289) 
Vologda  (2742,474)  (2694,521)  (2694,473)  (2789,522)  (2742,426)  (2790,426)  (2790,474)  (2692,425)  (2837,522)  (2752,570)  (2740,378)  (2788,378)  (2838,388)  (2838,436)  (2644,459)  (2644,411)  (2692,377)  (2885,484) 
Sicily  (1697,1798) 
S.France  (1345,1357)  (1297,1404)  (1297,1356)  (1392,1405)  (1345,1309)  (1393,1309)  (1393,1357)  (1261,1452) 
S.Italy  (1769,1646) 
W.France  (1225,1198)  (1177,1157)  (1260,1246)  (1212,1246)  (1225,1150)  (1273,1150)  (1273,1198)  (1242,1294)  (1321,1105)  (1194,1309)  (1224,1357)  (1176,1357)  (1191,1405) 
E.Germany  (1747,1060)  (1699,1107)  (1794,1108)  (1707,1012)  (1755,1012)  (1803,973)  (1746,1155)  (1698,1155)  (1706,964)  (1754,964) 
Uralsk  (3006,1006)  (3015,1054)  (2969,958)  (3017,958)  (2992,910)  (3040,910) 
Saratov  (2877,892)  (2829,898)  (2852,844)  (2900,844)  (2925,892) 
Sea Zone 38  (3034,1262)  (2986,1255)  (3081,1310)  (3033,1310)  (3034,1214)  (3129,1302)  (3010,1166)  (3058,1166)  (3052,1118) 
Sea Zone 44  (2163,2064)  (2115,2100)  (2115,2052)  (2210,2112)  (2207,2016)  (2211,2064)  (2255,2003)  (2067,2090)  (2067,2042)  (2258,2112)  (2259,2051) 
Gibraltar  (921,1650)  (969,1661) 
Cyprus  (2536,1892) 
Sea Zone 32  (3133,2244)  (3181,2221) 
Sea Zone 33  (3144,2063)  (3191,2111)  (3169,2015)  (3192,2063) 
Sea Zone 30  (2472,2045)  (2424,2092)  (2424,2044)  (2519,2093)  (2472,1997)  (2520,1997)  (2520,2045)  (2422,1996)  (2376,2122)  (2376,2074)  (2524,1949)  (2568,1997)  (2568,2045)  (2374,2026)  (2572,1945)  (2588,1897) 
Sea Zone 31  (2629,2256) 
Sea Zone 36  (1455,1752)  (1503,1752)  (1527,1953)  (1541,2001)  (1551,1749)  (1572,2049)  (1574,1862)  (1575,1910)  (1587,1797)  (1589,1958)  (1599,1727)  (1620,2006)  (1620,2054)  (1622,1845)  (1623,1893)  (1637,1941)  (1645,1678)  (1647,1726)  (1668,1989)  (1668,2037)  (1668,2085)  (1671,1852)  (1685,1900)  (1693,1675)  (1695,1723)  (1743,1718) 
Kiev  (2349,1113)  (2301,1126)  (2396,1161)  (2324,1065)  (2372,1065)  (2397,1113) 
Rzhev  (2469,753)  (2421,785)  (2421,737)  (2516,801)  (2469,705)  (2517,705)  (2517,753)  (2565,772) 
Sea Zone 37  (3192,1560) 
Sea Zone 34  (2380,1480)  (2332,1527)  (2332,1479)  (2427,1528)  (2380,1432)  (2428,1432)  (2428,1480)  (2330,1431)  (2376,1575)  (2328,1575)  (2284,1527)  (2378,1384)  (2476,1439)  (2476,1487) 
Odessa  (2291,1261)  (2315,1309)  (2245,1213)  (2293,1213)  (2339,1261) 
Iceland  (1263,136)  (1311,126)  (1311,174) 
Sea Zone 35  (2616,1458)  (2568,1505)  (2568,1457)  (2663,1506)  (2616,1410)  (2664,1420)  (2566,1409)  (2711,1468)  (2759,1466)  (2540,1312) 
Austria  (1761,1280)  (1713,1307)  (1787,1328)  (1809,1253) 
Yugoslavia  (1881,1465)  (1833,1483)  (1833,1435)  (1928,1513)  (1929,1444)  (1816,1387)  (1976,1492)  (1976,1540) 
Sea Zone 42  (1872,1987)  (1824,2034)  (1824,1986)  (1919,2035)  (1872,1939)  (1920,1939)  (1920,1987)  (1822,1938)  (1871,2082)  (1823,2082)  (1776,2034)  (1776,1986)  (1967,2035)  (1967,2083)  (1919,2083)  (1775,2083)  (1870,1891)  (1918,1891)  (1966,1891)  (1968,1939)  (1968,1987)  (1774,1938)  (1785,1890)  (1871,2130)  (1823,2130)  (1925,2131)  (1833,1843)  (1881,1843)  (1929,1843)  (1977,1843)  (1820,1795)  (1868,1795)  (1916,1795)  (1855,1747)  (1903,1747) 
Sea Zone 45  (2151,1840)  (2103,1887)  (2198,1888)  (2140,1792)  (2199,1806)  (2055,1922)  (2106,1744)  (2154,1744)  (2141,1696) 
W.Germany  (1581,1077)  (1533,1124)  (1533,1076)  (1618,1125)  (1581,1029)  (1629,1029)  (1629,1077)  (1570,1172)  (1618,1173)  (1573,981)  (1621,981)  (1570,1220)  (1657,1221) 
Algeria  (1048,2123)  (1000,2170)  (1000,2122)  (1095,2171)  (1048,2075)  (1096,2075)  (1096,2123)  (998,2074)  (1047,2218)  (999,2218)  (952,2170)  (952,2122)  (1143,2171)  (1143,2219)  (1095,2219)  (951,2219)  (1046,2027)  (1094,2027)  (1142,2027)  (1144,2075)  (1144,2123)  (950,2074)  (950,2026)  (998,2026)  (1190,1981)  (904,2171)  (904,2123)  (1191,2171)  (1191,2219)  (903,2256)  (1046,1979)  (1094,1979)  (1142,1979)  (1192,2029)  (1192,2077)  (902,2075)  (974,1978)  (1190,1933)  (1238,1933)  (1238,1981)  (856,2208)  (856,2160)  (1239,2125)  (1239,2173)  (1239,2221)  (855,2256)  (1022,1931)  (1070,1931)  (1118,1931)  (1240,2029)  (1240,2077) 
Tripolitania  (1723,2215)  (1675,2256)  (1675,2208)  (1771,2189)  (1771,2237)  (1667,2160)  (1627,2256)  (1627,2208)  (1819,2201)  (1819,2249)  (1619,2160)  (1579,2256)  (1867,2211) 
Hungary  (1954,1327)  (1906,1374)  (1906,1326)  (2001,1375)  (1968,1279)  (2002,1327)  (2016,1274) 
Tambov  (2738,932)  (2730,884) 
Prussia  (1978,959)  (1930,1002)  (1930,954)  (2006,1007)  (1996,911)  (2026,959) 
Voronezh  (2604,1037)  (2622,1085)  (2652,999) 
SE.Poland  (2146,1146)  (2098,1193)  (2098,1145)  (2164,1194)  (2182,1098)  (2230,1068)  (2230,1116) 
Corsica  (1513,1544) 
Sea Zone 18  (1886,848)  (1838,882)  (1875,800)  (1923,800)  (1934,848)  (1790,899)  (1889,752)  (1937,752) 
Sea Zone 19  (1977,638)  (2017,686)  (1969,686)  (1937,590)  (1918,542)  (1940,494)  (2005,379) 
Sea Zone 16  (1177,1043)  (1129,1062)  (1225,1040)  (1081,1060)  (1033,1099)  (1033,1051) 
Sea Zone 17  (1524,805)  (1476,836)  (1476,788)  (1564,853)  (1524,757)  (1572,757)  (1516,884)  (1524,709)  (1620,725)  (1668,703)  (1704,795) 
Egypt  (2425,2221)  (2377,2256)  (2377,2208)  (2425,2173)  (2473,2173)  (2473,2221)  (2521,2172) 
Sea Zone 10  (1104,505)  (1056,532)  (1056,484)  (1152,459)  (1152,507)  (1008,532)  (1008,484)  (1200,459)  (1200,507)  (1248,459)  (1248,507) 
Ryazan  (2781,775)  (2829,769) 
Sea Zone 11  (1098,649)  (1050,696)  (1050,648)  (1098,601)  (1146,601)  (1146,649)  (1048,600)  (1008,744)  (1002,696)  (1002,648)  (1194,581)  (1000,600) 
Sea Zone 14  (678,956)  (630,1003)  (630,955)  (725,1004)  (678,908)  (726,908)  (726,956)  (628,907)  (677,1051)  (629,1051)  (582,1003)  (582,955)  (773,1004)  (773,1052)  (725,1052)  (581,1052)  (676,860)  (724,860)  (772,860)  (774,908)  (774,956)  (581,859)  (677,1099)  (629,1099) 
Sea Zone 15  (925,941)  (877,988)  (877,940)  (972,989)  (925,893)  (973,906)  (875,892)  (924,1036)  (876,1036)  (1020,954)  (983,1037)  (923,845)  (845,844)  (935,1084)  (887,1084)  (1068,909)  (1068,957)  (983,1085)  (1116,945)  (1172,822) 
Sea Zone 12  (1432,589)  (1384,636)  (1384,588)  (1479,637)  (1432,541)  (1480,541)  (1480,589)  (1382,540)  (1431,684)  (1383,684)  (1430,493)  (1478,493)  (1526,493)  (1528,541)  (1334,565)  (1334,517)  (1382,492)  (1311,469)  (1335,720)  (1427,732) 
Malta  (1627,2005)  (1646,2053) 
Sea Zone 13  (418,953)  (370,1000)  (370,952)  (465,1001)  (418,905)  (466,905)  (466,953)  (368,904)  (417,1048)  (369,1048)  (513,1001)  (513,1049)  (465,1049)  (416,857)  (464,857)  (512,857)  (514,905)  (514,953)  (328,856)  (417,1096)  (369,1096)  (532,1097)  (484,1097) 
Saudi Arabia  (2925,2172)  (2877,2219)  (2877,2171)  (2972,2220)  (2925,2124)  (2973,2124)  (2973,2172)  (2875,2123)  (2829,2256)  (2829,2208)  (3020,2220)  (2923,2076)  (2971,2076)  (3019,2076)  (3021,2124)  (3021,2172)  (2827,2160)  (2967,2028)  (3069,2121)  (3069,2169)  (3117,2152) 
Sea Zone 40   (1255,1664)  (1207,1711)  (1207,1663)  (1302,1712)  (1255,1616)  (1303,1616)  (1303,1664)  (1205,1615)  (1159,1743)  (1159,1695)  (1350,1712)  (1350,1760)  (1253,1568)  (1301,1568)  (1157,1647)  (1203,1567)  (1398,1734)  (1308,1520) 
Karelia  (2317,429)  (2269,476)  (2269,428)  (2352,477)  (2365,391) 
Krasnodar  (2741,1349)  (2693,1358)  (2789,1324)  (2789,1372) 
Ireland  (1077,820) 
Kursk  (2471,967)  (2514,1015)  (2466,1015)  (2435,919)  (2483,919) 
Rostov  (2690,1233)  (2642,1191)  (2662,1281)  (2690,1185)  (2738,1208)  (2738,1256) 
Lapland  (2073,223)  (2114,271)  (2066,271)  (2041,175)  (2089,175)  (2009,127)  (2057,127) 
Novgorod  (2254,750)  (2268,798)  (2220,798)  (2302,730) 
Sea Zone 29  (2393,1907)  (2345,1941)  (2441,1862)  (2441,1910)  (2329,1893)  (2297,1941)  (2489,1880) 
Sea Zone 27  (255,1861)  (207,1908)  (207,1860)  (302,1909)  (255,1813)  (303,1813)  (303,1861)  (205,1812)  (254,1956)  (206,1956)  (159,1908)  (159,1860)  (350,1909)  (350,1957)  (302,1957)  (158,1957)  (253,1765)  (301,1765)  (349,1765)  (351,1813)  (351,1861)  (157,1812)  (157,1764)  (205,1764)  (397,1730)  (254,2004)  (206,2004)  (111,1909)  (111,1861)  (398,1909)  (398,1957)  (398,2005)  (350,2005)  (302,2005)  (158,2005)  (110,2005)  (110,1957)  (399,1778)  (399,1826)  (109,1813)  (109,1765)  (445,1730)  (254,2052)  (206,2052)  (63,1909)  (63,1861)  (446,1874)  (446,1922)  (366,2053)  (318,2053)  (158,2053)  (110,2053)  (62,2053)  (62,2005)  (62,1957) 
C.Italy  (1656,1534) 
Sea Zone 28  (1385,893)  (1430,941)  (1356,845)  (1404,845)  (1399,989) 
Kalinin  (2489,547)  (2441,594)  (2441,546)  (2536,595)  (2489,499)  (2537,499)  (2537,547)  (2494,451)  (2542,451)  (2585,499)  (2585,547) 
Sea Zone 21  (187,1412)  (139,1459)  (139,1411)  (234,1460)  (187,1364)  (235,1364)  (235,1412)  (137,1363)  (91,1491)  (91,1443)  (282,1460)  (283,1332)  (283,1380)  (89,1395)  (89,1347)  (43,1491)  (43,1443)  (330,1428)  (330,1476)  (331,1332)  (331,1380)  (41,1395)  (41,1347)  (378,1428)  (378,1476)  (379,1332)  (379,1380) 
Sea Zone 22  (546,1266)  (498,1313)  (498,1265)  (593,1314)  (546,1218)  (594,1218)  (594,1266)  (496,1217)  (545,1361)  (497,1361)  (641,1314)  (641,1362)  (593,1362)  (544,1170)  (592,1170)  (640,1170)  (642,1218)  (642,1266)  (471,1169) 
Sea Zone 20  (219,1216)  (171,1263)  (171,1215)  (266,1264)  (219,1168)  (267,1168)  (267,1216)  (169,1167)  (123,1283)  (123,1235)  (314,1264)  (315,1148)  (315,1196)  (121,1187)  (75,1283)  (75,1235)  (362,1244)  (363,1148)  (363,1196)  (73,1187)  (27,1283)  (27,1235)  (410,1244)  (411,1148)  (411,1196)  (25,1187) 
Sea Zone 25  (188,1602)  (140,1649)  (140,1601)  (235,1650)  (188,1554)  (236,1554)  (236,1602)  (138,1553)  (92,1681)  (92,1633)  (283,1650)  (284,1540)  (284,1588)  (90,1585)  (44,1681)  (44,1633)  (331,1636)  (332,1540)  (332,1588)  (42,1585)  (379,1636)  (380,1540)  (380,1588) 
Sea Zone 26  (605,1590)  (557,1637)  (557,1589)  (652,1638)  (605,1542)  (653,1542)  (653,1590)  (555,1541)  (509,1681)  (509,1633)  (700,1638)  (603,1494)  (651,1494)  (699,1494)  (701,1542)  (701,1590)  (507,1585)  (507,1537)  (555,1493)  (503,1489)  (747,1452) 
Sea Zone 23  (758,1273)  (710,1320)  (710,1272)  (805,1321)  (758,1225)  (806,1225)  (806,1273)  (708,1224)  (757,1368)  (709,1368)  (756,1177)  (804,1177)  (852,1177)  (854,1225)  (699,1176) 
Sea Zone 24  (1020,1243)  (972,1290)  (972,1242)  (1067,1291)  (1020,1195)  (1068,1195)  (1068,1243)  (970,1194)  (1115,1291)  (1107,1339)  (1116,1194)  (1116,1242) 
Tula  (2607,882)  (2559,892)  (2643,930)  (2605,834)  (2653,834) 
E.France  (1406,1191)  (1449,1239)  (1401,1239)  (1389,1143)  (1454,1166) 
Sverdlovsk  (3154,921)  (3106,968)  (3106,877)  (3192,969)  (3154,873)  (3079,829)  (3144,1016)  (3192,1017)  (3127,825)  (3175,825)  (3144,1064)  (3192,1065)  (3080,777)  (3128,777)  (3176,777)  (3192,1113)  (3086,729)  (3134,729)  (3182,729)  (3192,1161)  (3066,681)  (3114,681)  (3162,681)  (3144,1168)  (3192,1209)  (3070,633)  (3118,633)  (3166,633)  (3144,1216) 
Volgodonsk  (2715,1085)  (2747,1133)  (2718,1037) 
Denmark  (1635,795) 
Archangel  (2588,199)  (2540,246)  (2540,198)  (2635,247)  (2588,151)  (2636,151)  (2636,199)  (2587,294)  (2539,294)  (2492,246)  (2492,198)  (2655,295)  (2491,295)  (2553,103)  (2601,103)  (2649,103)  (2684,151)  (2684,199)  (2697,90)  (2564,342)  (2444,247)  (2516,343)  (2630,55)  (2468,353)  (2678,42)  (2726,42)  (2745,90)  (2774,13) 
Sea Zone 43  (1784,1535)  (1736,1519)  (1831,1583)  (1720,1471)  (1879,1605) 
Rumania  (2147,1391)  (2099,1438)  (2099,1390)  (2147,1343)  (2195,1343)  (2195,1391)  (2197,1439)  (2051,1442)  (2243,1358)  (2245,1406) 
C.Iran  (3150,1741) 